{
 "cells": [
  {
   "cell_type": "code",
   "execution_count": 12,
   "metadata": {},
   "outputs": [],
   "source": [
    "import pandas as pd\n",
    "import numpy as np\n",
    "import seaborn as sns\n",
    "import matplotlib.pyplot as plt"
   ]
  },
  {
   "cell_type": "code",
   "execution_count": 19,
   "metadata": {},
   "outputs": [],
   "source": [
    "weather_data = pd.read_csv('Mysore.csv')\n",
    "weather_data['date_time'] = pd.to_datetime(weather_data['date_time'])\n",
    "weather_data.drop('totalSnow_cm', axis=1, inplace=True)"
   ]
  },
  {
   "cell_type": "code",
   "execution_count": null,
   "metadata": {},
   "outputs": [],
   "source": [
    "weather_data_corr_df = weather_data.corr()\n",
    "for columns in weather_data_corr_df.columns:\n",
    "    if "
   ]
  },
  {
   "cell_type": "code",
   "execution_count": 22,
   "metadata": {},
   "outputs": [],
   "source": [
    "# Highly correlated columns,"
   ]
  },
  {
   "cell_type": "code",
   "execution_count": 25,
   "metadata": {},
   "outputs": [
    {
     "data": {
      "text/html": [
       "<div>\n",
       "<style scoped>\n",
       "    .dataframe tbody tr th:only-of-type {\n",
       "        vertical-align: middle;\n",
       "    }\n",
       "\n",
       "    .dataframe tbody tr th {\n",
       "        vertical-align: top;\n",
       "    }\n",
       "\n",
       "    .dataframe thead th {\n",
       "        text-align: right;\n",
       "    }\n",
       "</style>\n",
       "<table border=\"1\" class=\"dataframe\">\n",
       "  <thead>\n",
       "    <tr style=\"text-align: right;\">\n",
       "      <th></th>\n",
       "      <th>maxtempC</th>\n",
       "      <th>mintempC</th>\n",
       "      <th>sunHour</th>\n",
       "      <th>uvIndex</th>\n",
       "      <th>moon_illumination</th>\n",
       "      <th>DewPointC</th>\n",
       "      <th>FeelsLikeC</th>\n",
       "      <th>HeatIndexC</th>\n",
       "      <th>WindChillC</th>\n",
       "      <th>WindGustKmph</th>\n",
       "      <th>cloudcover</th>\n",
       "      <th>humidity</th>\n",
       "      <th>precipMM</th>\n",
       "      <th>pressure</th>\n",
       "      <th>tempC</th>\n",
       "      <th>visibility</th>\n",
       "      <th>winddirDegree</th>\n",
       "      <th>windspeedKmph</th>\n",
       "    </tr>\n",
       "  </thead>\n",
       "  <tbody>\n",
       "    <tr>\n",
       "      <th>maxtempC</th>\n",
       "      <td>1.000000</td>\n",
       "      <td>0.433692</td>\n",
       "      <td>0.524196</td>\n",
       "      <td>0.793939</td>\n",
       "      <td>-0.012377</td>\n",
       "      <td>-0.215948</td>\n",
       "      <td>0.852491</td>\n",
       "      <td>0.846852</td>\n",
       "      <td>0.916627</td>\n",
       "      <td>-0.297919</td>\n",
       "      <td>-0.542313</td>\n",
       "      <td>-0.689774</td>\n",
       "      <td>-0.125517</td>\n",
       "      <td>-0.135848</td>\n",
       "      <td>1.000000</td>\n",
       "      <td>0.387467</td>\n",
       "      <td>0.135474</td>\n",
       "      <td>-0.234139</td>\n",
       "    </tr>\n",
       "    <tr>\n",
       "      <th>mintempC</th>\n",
       "      <td>0.433692</td>\n",
       "      <td>1.000000</td>\n",
       "      <td>0.131692</td>\n",
       "      <td>0.445385</td>\n",
       "      <td>-0.004851</td>\n",
       "      <td>0.521700</td>\n",
       "      <td>0.742550</td>\n",
       "      <td>0.748570</td>\n",
       "      <td>0.611201</td>\n",
       "      <td>0.145833</td>\n",
       "      <td>0.301916</td>\n",
       "      <td>0.044553</td>\n",
       "      <td>0.205236</td>\n",
       "      <td>-0.506106</td>\n",
       "      <td>0.433692</td>\n",
       "      <td>0.147193</td>\n",
       "      <td>0.534805</td>\n",
       "      <td>0.224461</td>\n",
       "    </tr>\n",
       "    <tr>\n",
       "      <th>sunHour</th>\n",
       "      <td>0.524196</td>\n",
       "      <td>0.131692</td>\n",
       "      <td>1.000000</td>\n",
       "      <td>0.547423</td>\n",
       "      <td>-0.000765</td>\n",
       "      <td>-0.194538</td>\n",
       "      <td>0.421973</td>\n",
       "      <td>0.401754</td>\n",
       "      <td>0.441482</td>\n",
       "      <td>-0.150689</td>\n",
       "      <td>-0.543769</td>\n",
       "      <td>-0.437241</td>\n",
       "      <td>-0.233558</td>\n",
       "      <td>-0.057161</td>\n",
       "      <td>0.524196</td>\n",
       "      <td>0.347639</td>\n",
       "      <td>0.188634</td>\n",
       "      <td>-0.097779</td>\n",
       "    </tr>\n",
       "    <tr>\n",
       "      <th>uvIndex</th>\n",
       "      <td>0.793939</td>\n",
       "      <td>0.445385</td>\n",
       "      <td>0.547423</td>\n",
       "      <td>1.000000</td>\n",
       "      <td>-0.013285</td>\n",
       "      <td>-0.136484</td>\n",
       "      <td>0.721941</td>\n",
       "      <td>0.725661</td>\n",
       "      <td>0.777304</td>\n",
       "      <td>-0.290087</td>\n",
       "      <td>-0.490378</td>\n",
       "      <td>-0.553114</td>\n",
       "      <td>-0.137037</td>\n",
       "      <td>-0.071564</td>\n",
       "      <td>0.793939</td>\n",
       "      <td>0.340786</td>\n",
       "      <td>0.074959</td>\n",
       "      <td>-0.227092</td>\n",
       "    </tr>\n",
       "    <tr>\n",
       "      <th>moon_illumination</th>\n",
       "      <td>-0.012377</td>\n",
       "      <td>-0.004851</td>\n",
       "      <td>-0.000765</td>\n",
       "      <td>-0.013285</td>\n",
       "      <td>1.000000</td>\n",
       "      <td>0.001297</td>\n",
       "      <td>-0.010275</td>\n",
       "      <td>-0.005679</td>\n",
       "      <td>-0.008313</td>\n",
       "      <td>-0.023208</td>\n",
       "      <td>0.003181</td>\n",
       "      <td>0.003226</td>\n",
       "      <td>0.025344</td>\n",
       "      <td>-0.010910</td>\n",
       "      <td>-0.012377</td>\n",
       "      <td>0.038930</td>\n",
       "      <td>0.014755</td>\n",
       "      <td>-0.019403</td>\n",
       "    </tr>\n",
       "    <tr>\n",
       "      <th>DewPointC</th>\n",
       "      <td>-0.215948</td>\n",
       "      <td>0.521700</td>\n",
       "      <td>-0.194538</td>\n",
       "      <td>-0.136484</td>\n",
       "      <td>0.001297</td>\n",
       "      <td>1.000000</td>\n",
       "      <td>0.117907</td>\n",
       "      <td>0.132715</td>\n",
       "      <td>-0.112946</td>\n",
       "      <td>0.156530</td>\n",
       "      <td>0.697845</td>\n",
       "      <td>0.809971</td>\n",
       "      <td>0.334034</td>\n",
       "      <td>-0.476415</td>\n",
       "      <td>-0.215948</td>\n",
       "      <td>-0.325536</td>\n",
       "      <td>0.541641</td>\n",
       "      <td>0.169118</td>\n",
       "    </tr>\n",
       "    <tr>\n",
       "      <th>FeelsLikeC</th>\n",
       "      <td>0.852491</td>\n",
       "      <td>0.742550</td>\n",
       "      <td>0.421973</td>\n",
       "      <td>0.721941</td>\n",
       "      <td>-0.010275</td>\n",
       "      <td>0.117907</td>\n",
       "      <td>1.000000</td>\n",
       "      <td>0.993268</td>\n",
       "      <td>0.949270</td>\n",
       "      <td>-0.184987</td>\n",
       "      <td>-0.235405</td>\n",
       "      <td>-0.455851</td>\n",
       "      <td>0.059493</td>\n",
       "      <td>-0.365710</td>\n",
       "      <td>0.852491</td>\n",
       "      <td>0.353785</td>\n",
       "      <td>0.370479</td>\n",
       "      <td>-0.103203</td>\n",
       "    </tr>\n",
       "    <tr>\n",
       "      <th>HeatIndexC</th>\n",
       "      <td>0.846852</td>\n",
       "      <td>0.748570</td>\n",
       "      <td>0.401754</td>\n",
       "      <td>0.725661</td>\n",
       "      <td>-0.005679</td>\n",
       "      <td>0.132715</td>\n",
       "      <td>0.993268</td>\n",
       "      <td>1.000000</td>\n",
       "      <td>0.949715</td>\n",
       "      <td>-0.203865</td>\n",
       "      <td>-0.227005</td>\n",
       "      <td>-0.443169</td>\n",
       "      <td>0.063506</td>\n",
       "      <td>-0.369558</td>\n",
       "      <td>0.846852</td>\n",
       "      <td>0.334076</td>\n",
       "      <td>0.360299</td>\n",
       "      <td>-0.122477</td>\n",
       "    </tr>\n",
       "    <tr>\n",
       "      <th>WindChillC</th>\n",
       "      <td>0.916627</td>\n",
       "      <td>0.611201</td>\n",
       "      <td>0.441482</td>\n",
       "      <td>0.777304</td>\n",
       "      <td>-0.008313</td>\n",
       "      <td>-0.112946</td>\n",
       "      <td>0.949270</td>\n",
       "      <td>0.949715</td>\n",
       "      <td>1.000000</td>\n",
       "      <td>-0.275554</td>\n",
       "      <td>-0.413407</td>\n",
       "      <td>-0.645482</td>\n",
       "      <td>-0.034167</td>\n",
       "      <td>-0.230523</td>\n",
       "      <td>0.916627</td>\n",
       "      <td>0.384877</td>\n",
       "      <td>0.201663</td>\n",
       "      <td>-0.197465</td>\n",
       "    </tr>\n",
       "    <tr>\n",
       "      <th>WindGustKmph</th>\n",
       "      <td>-0.297919</td>\n",
       "      <td>0.145833</td>\n",
       "      <td>-0.150689</td>\n",
       "      <td>-0.290087</td>\n",
       "      <td>-0.023208</td>\n",
       "      <td>0.156530</td>\n",
       "      <td>-0.184987</td>\n",
       "      <td>-0.203865</td>\n",
       "      <td>-0.275554</td>\n",
       "      <td>1.000000</td>\n",
       "      <td>0.423377</td>\n",
       "      <td>0.258289</td>\n",
       "      <td>0.015072</td>\n",
       "      <td>-0.239429</td>\n",
       "      <td>-0.297919</td>\n",
       "      <td>0.145910</td>\n",
       "      <td>0.333752</td>\n",
       "      <td>0.983757</td>\n",
       "    </tr>\n",
       "    <tr>\n",
       "      <th>cloudcover</th>\n",
       "      <td>-0.542313</td>\n",
       "      <td>0.301916</td>\n",
       "      <td>-0.543769</td>\n",
       "      <td>-0.490378</td>\n",
       "      <td>0.003181</td>\n",
       "      <td>0.697845</td>\n",
       "      <td>-0.235405</td>\n",
       "      <td>-0.227005</td>\n",
       "      <td>-0.413407</td>\n",
       "      <td>0.423377</td>\n",
       "      <td>1.000000</td>\n",
       "      <td>0.790788</td>\n",
       "      <td>0.364909</td>\n",
       "      <td>-0.369416</td>\n",
       "      <td>-0.542313</td>\n",
       "      <td>-0.418331</td>\n",
       "      <td>0.391413</td>\n",
       "      <td>0.416146</td>\n",
       "    </tr>\n",
       "    <tr>\n",
       "      <th>humidity</th>\n",
       "      <td>-0.689774</td>\n",
       "      <td>0.044553</td>\n",
       "      <td>-0.437241</td>\n",
       "      <td>-0.553114</td>\n",
       "      <td>0.003226</td>\n",
       "      <td>0.809971</td>\n",
       "      <td>-0.455851</td>\n",
       "      <td>-0.443169</td>\n",
       "      <td>-0.645482</td>\n",
       "      <td>0.258289</td>\n",
       "      <td>0.790788</td>\n",
       "      <td>1.000000</td>\n",
       "      <td>0.298567</td>\n",
       "      <td>-0.237450</td>\n",
       "      <td>-0.689774</td>\n",
       "      <td>-0.528266</td>\n",
       "      <td>0.287186</td>\n",
       "      <td>0.220845</td>\n",
       "    </tr>\n",
       "    <tr>\n",
       "      <th>precipMM</th>\n",
       "      <td>-0.125517</td>\n",
       "      <td>0.205236</td>\n",
       "      <td>-0.233558</td>\n",
       "      <td>-0.137037</td>\n",
       "      <td>0.025344</td>\n",
       "      <td>0.334034</td>\n",
       "      <td>0.059493</td>\n",
       "      <td>0.063506</td>\n",
       "      <td>-0.034167</td>\n",
       "      <td>0.015072</td>\n",
       "      <td>0.364909</td>\n",
       "      <td>0.298567</td>\n",
       "      <td>1.000000</td>\n",
       "      <td>-0.165665</td>\n",
       "      <td>-0.125517</td>\n",
       "      <td>-0.283035</td>\n",
       "      <td>0.142026</td>\n",
       "      <td>-0.027940</td>\n",
       "    </tr>\n",
       "    <tr>\n",
       "      <th>pressure</th>\n",
       "      <td>-0.135848</td>\n",
       "      <td>-0.506106</td>\n",
       "      <td>-0.057161</td>\n",
       "      <td>-0.071564</td>\n",
       "      <td>-0.010910</td>\n",
       "      <td>-0.476415</td>\n",
       "      <td>-0.365710</td>\n",
       "      <td>-0.369558</td>\n",
       "      <td>-0.230523</td>\n",
       "      <td>-0.239429</td>\n",
       "      <td>-0.369416</td>\n",
       "      <td>-0.237450</td>\n",
       "      <td>-0.165665</td>\n",
       "      <td>1.000000</td>\n",
       "      <td>-0.135848</td>\n",
       "      <td>0.004712</td>\n",
       "      <td>-0.659247</td>\n",
       "      <td>-0.281149</td>\n",
       "    </tr>\n",
       "    <tr>\n",
       "      <th>tempC</th>\n",
       "      <td>1.000000</td>\n",
       "      <td>0.433692</td>\n",
       "      <td>0.524196</td>\n",
       "      <td>0.793939</td>\n",
       "      <td>-0.012377</td>\n",
       "      <td>-0.215948</td>\n",
       "      <td>0.852491</td>\n",
       "      <td>0.846852</td>\n",
       "      <td>0.916627</td>\n",
       "      <td>-0.297919</td>\n",
       "      <td>-0.542313</td>\n",
       "      <td>-0.689774</td>\n",
       "      <td>-0.125517</td>\n",
       "      <td>-0.135848</td>\n",
       "      <td>1.000000</td>\n",
       "      <td>0.387467</td>\n",
       "      <td>0.135474</td>\n",
       "      <td>-0.234139</td>\n",
       "    </tr>\n",
       "    <tr>\n",
       "      <th>visibility</th>\n",
       "      <td>0.387467</td>\n",
       "      <td>0.147193</td>\n",
       "      <td>0.347639</td>\n",
       "      <td>0.340786</td>\n",
       "      <td>0.038930</td>\n",
       "      <td>-0.325536</td>\n",
       "      <td>0.353785</td>\n",
       "      <td>0.334076</td>\n",
       "      <td>0.384877</td>\n",
       "      <td>0.145910</td>\n",
       "      <td>-0.418331</td>\n",
       "      <td>-0.528266</td>\n",
       "      <td>-0.283035</td>\n",
       "      <td>0.004712</td>\n",
       "      <td>0.387467</td>\n",
       "      <td>1.000000</td>\n",
       "      <td>0.048552</td>\n",
       "      <td>0.196258</td>\n",
       "    </tr>\n",
       "    <tr>\n",
       "      <th>winddirDegree</th>\n",
       "      <td>0.135474</td>\n",
       "      <td>0.534805</td>\n",
       "      <td>0.188634</td>\n",
       "      <td>0.074959</td>\n",
       "      <td>0.014755</td>\n",
       "      <td>0.541641</td>\n",
       "      <td>0.370479</td>\n",
       "      <td>0.360299</td>\n",
       "      <td>0.201663</td>\n",
       "      <td>0.333752</td>\n",
       "      <td>0.391413</td>\n",
       "      <td>0.287186</td>\n",
       "      <td>0.142026</td>\n",
       "      <td>-0.659247</td>\n",
       "      <td>0.135474</td>\n",
       "      <td>0.048552</td>\n",
       "      <td>1.000000</td>\n",
       "      <td>0.388275</td>\n",
       "    </tr>\n",
       "    <tr>\n",
       "      <th>windspeedKmph</th>\n",
       "      <td>-0.234139</td>\n",
       "      <td>0.224461</td>\n",
       "      <td>-0.097779</td>\n",
       "      <td>-0.227092</td>\n",
       "      <td>-0.019403</td>\n",
       "      <td>0.169118</td>\n",
       "      <td>-0.103203</td>\n",
       "      <td>-0.122477</td>\n",
       "      <td>-0.197465</td>\n",
       "      <td>0.983757</td>\n",
       "      <td>0.416146</td>\n",
       "      <td>0.220845</td>\n",
       "      <td>-0.027940</td>\n",
       "      <td>-0.281149</td>\n",
       "      <td>-0.234139</td>\n",
       "      <td>0.196258</td>\n",
       "      <td>0.388275</td>\n",
       "      <td>1.000000</td>\n",
       "    </tr>\n",
       "  </tbody>\n",
       "</table>\n",
       "</div>"
      ],
      "text/plain": [
       "                   maxtempC  mintempC   sunHour   uvIndex  moon_illumination  \\\n",
       "maxtempC           1.000000  0.433692  0.524196  0.793939          -0.012377   \n",
       "mintempC           0.433692  1.000000  0.131692  0.445385          -0.004851   \n",
       "sunHour            0.524196  0.131692  1.000000  0.547423          -0.000765   \n",
       "uvIndex            0.793939  0.445385  0.547423  1.000000          -0.013285   \n",
       "moon_illumination -0.012377 -0.004851 -0.000765 -0.013285           1.000000   \n",
       "DewPointC         -0.215948  0.521700 -0.194538 -0.136484           0.001297   \n",
       "FeelsLikeC         0.852491  0.742550  0.421973  0.721941          -0.010275   \n",
       "HeatIndexC         0.846852  0.748570  0.401754  0.725661          -0.005679   \n",
       "WindChillC         0.916627  0.611201  0.441482  0.777304          -0.008313   \n",
       "WindGustKmph      -0.297919  0.145833 -0.150689 -0.290087          -0.023208   \n",
       "cloudcover        -0.542313  0.301916 -0.543769 -0.490378           0.003181   \n",
       "humidity          -0.689774  0.044553 -0.437241 -0.553114           0.003226   \n",
       "precipMM          -0.125517  0.205236 -0.233558 -0.137037           0.025344   \n",
       "pressure          -0.135848 -0.506106 -0.057161 -0.071564          -0.010910   \n",
       "tempC              1.000000  0.433692  0.524196  0.793939          -0.012377   \n",
       "visibility         0.387467  0.147193  0.347639  0.340786           0.038930   \n",
       "winddirDegree      0.135474  0.534805  0.188634  0.074959           0.014755   \n",
       "windspeedKmph     -0.234139  0.224461 -0.097779 -0.227092          -0.019403   \n",
       "\n",
       "                   DewPointC  FeelsLikeC  HeatIndexC  WindChillC  \\\n",
       "maxtempC           -0.215948    0.852491    0.846852    0.916627   \n",
       "mintempC            0.521700    0.742550    0.748570    0.611201   \n",
       "sunHour            -0.194538    0.421973    0.401754    0.441482   \n",
       "uvIndex            -0.136484    0.721941    0.725661    0.777304   \n",
       "moon_illumination   0.001297   -0.010275   -0.005679   -0.008313   \n",
       "DewPointC           1.000000    0.117907    0.132715   -0.112946   \n",
       "FeelsLikeC          0.117907    1.000000    0.993268    0.949270   \n",
       "HeatIndexC          0.132715    0.993268    1.000000    0.949715   \n",
       "WindChillC         -0.112946    0.949270    0.949715    1.000000   \n",
       "WindGustKmph        0.156530   -0.184987   -0.203865   -0.275554   \n",
       "cloudcover          0.697845   -0.235405   -0.227005   -0.413407   \n",
       "humidity            0.809971   -0.455851   -0.443169   -0.645482   \n",
       "precipMM            0.334034    0.059493    0.063506   -0.034167   \n",
       "pressure           -0.476415   -0.365710   -0.369558   -0.230523   \n",
       "tempC              -0.215948    0.852491    0.846852    0.916627   \n",
       "visibility         -0.325536    0.353785    0.334076    0.384877   \n",
       "winddirDegree       0.541641    0.370479    0.360299    0.201663   \n",
       "windspeedKmph       0.169118   -0.103203   -0.122477   -0.197465   \n",
       "\n",
       "                   WindGustKmph  cloudcover  humidity  precipMM  pressure  \\\n",
       "maxtempC              -0.297919   -0.542313 -0.689774 -0.125517 -0.135848   \n",
       "mintempC               0.145833    0.301916  0.044553  0.205236 -0.506106   \n",
       "sunHour               -0.150689   -0.543769 -0.437241 -0.233558 -0.057161   \n",
       "uvIndex               -0.290087   -0.490378 -0.553114 -0.137037 -0.071564   \n",
       "moon_illumination     -0.023208    0.003181  0.003226  0.025344 -0.010910   \n",
       "DewPointC              0.156530    0.697845  0.809971  0.334034 -0.476415   \n",
       "FeelsLikeC            -0.184987   -0.235405 -0.455851  0.059493 -0.365710   \n",
       "HeatIndexC            -0.203865   -0.227005 -0.443169  0.063506 -0.369558   \n",
       "WindChillC            -0.275554   -0.413407 -0.645482 -0.034167 -0.230523   \n",
       "WindGustKmph           1.000000    0.423377  0.258289  0.015072 -0.239429   \n",
       "cloudcover             0.423377    1.000000  0.790788  0.364909 -0.369416   \n",
       "humidity               0.258289    0.790788  1.000000  0.298567 -0.237450   \n",
       "precipMM               0.015072    0.364909  0.298567  1.000000 -0.165665   \n",
       "pressure              -0.239429   -0.369416 -0.237450 -0.165665  1.000000   \n",
       "tempC                 -0.297919   -0.542313 -0.689774 -0.125517 -0.135848   \n",
       "visibility             0.145910   -0.418331 -0.528266 -0.283035  0.004712   \n",
       "winddirDegree          0.333752    0.391413  0.287186  0.142026 -0.659247   \n",
       "windspeedKmph          0.983757    0.416146  0.220845 -0.027940 -0.281149   \n",
       "\n",
       "                      tempC  visibility  winddirDegree  windspeedKmph  \n",
       "maxtempC           1.000000    0.387467       0.135474      -0.234139  \n",
       "mintempC           0.433692    0.147193       0.534805       0.224461  \n",
       "sunHour            0.524196    0.347639       0.188634      -0.097779  \n",
       "uvIndex            0.793939    0.340786       0.074959      -0.227092  \n",
       "moon_illumination -0.012377    0.038930       0.014755      -0.019403  \n",
       "DewPointC         -0.215948   -0.325536       0.541641       0.169118  \n",
       "FeelsLikeC         0.852491    0.353785       0.370479      -0.103203  \n",
       "HeatIndexC         0.846852    0.334076       0.360299      -0.122477  \n",
       "WindChillC         0.916627    0.384877       0.201663      -0.197465  \n",
       "WindGustKmph      -0.297919    0.145910       0.333752       0.983757  \n",
       "cloudcover        -0.542313   -0.418331       0.391413       0.416146  \n",
       "humidity          -0.689774   -0.528266       0.287186       0.220845  \n",
       "precipMM          -0.125517   -0.283035       0.142026      -0.027940  \n",
       "pressure          -0.135848    0.004712      -0.659247      -0.281149  \n",
       "tempC              1.000000    0.387467       0.135474      -0.234139  \n",
       "visibility         0.387467    1.000000       0.048552       0.196258  \n",
       "winddirDegree      0.135474    0.048552       1.000000       0.388275  \n",
       "windspeedKmph     -0.234139    0.196258       0.388275       1.000000  "
      ]
     },
     "execution_count": 25,
     "metadata": {},
     "output_type": "execute_result"
    }
   ],
   "source": [
    "weather_data.corr()"
   ]
  },
  {
   "cell_type": "code",
   "execution_count": null,
   "metadata": {},
   "outputs": [],
   "source": []
  },
  {
   "cell_type": "code",
   "execution_count": 21,
   "metadata": {},
   "outputs": [
    {
     "data": {
      "text/plain": [
       "<matplotlib.axes._subplots.AxesSubplot at 0x1b262a37160>"
      ]
     },
     "execution_count": 21,
     "metadata": {},
     "output_type": "execute_result"
    },
    {
     "data": {
